822300376
532 743 116 870
566280123
901 309 826 435
395716467
920 336 921 5
404123715
147 325 607 350
566164929
455 285 110 70
244004920
554 956 562 301
431645117
789 836 256 279
231528113
783 380 106 427
979401678
717 50 946 968
802696580
393 242 33 672
204684550
698 833 127 379
615970873
825 453 351 335
252348517
318 784 218 526
725819180
237 457 189 612
991928949
830 37 985 952
314686850
959 741 539 72
23568458
963 903 39 941
812968090
58 81 544 33
271281019
444 82 366 109
986305994
739 656 838 356
173759091
493 911 559 579
342462227
165 628 878 740
467214734
569 12 817 928
699425855
705 270 583 890
714248066
18 435 281 795
85822624
595 17 395 50
502340085
988 141 836 739
206699219
838 738 72 492
658844487
362 216 433 959
463755751
741 61 326 836
156530644
211 893 504 234
471858953
171 78 68 948
730084601
667 806 534 419
906243758
819 498 999 787
417947682
63 132 454 840
293526706
221 773 584 390
329318361
497 656 649 684
44090531
622 173 71 108
638857205
654 387 529 133
178576320
914 363 235 726
85451077
651 81 940 818
341796371
860 615 133 551
735466002
222 146 325 489
984571550
222 433 769 180
576058869
341 447 144 805
207712555
486 758 309 253
509871106
641 587 832 1
342417050
730 22 9 612
744843515
862 740 655 15
49554690
713 798 35 615
948508623
79 703 513 713
525923443
974 873 342 19
156839746
156 516 924 807
162818367
451 849 179 197
823080190
787 622 261 304
534190871
152 359 591 457
456946786
376 413 682 622
269015537
402 338 494 578
3983222
517 696 927 73
330541307
917 311 232 39
866085305
42 384 797 77
955737140
982 664 962 531
743877313
501 769 3 891
394110428
778 993 27 372
320017468
133 584 126 341
301546656
46 1 415 219
624827885
66 277 666 311
557143416
340 780 186 841
288735134
989 901 900 837
38416395
884 934 744 45
556805917
174 757 790 361
523756973
243 709 169 807
640379541
352 762 635 147
854623164
199 383 205 155
881024320
473 962 577 491
454637844
435 288 435 956
835925203
767 244 832 655
621372163
399 790 384 388
17500742
485 206 440 185
301413928
732 278 406 426
0

